Введите размер массива:10
3  1  4  587  213  432  32  41  2  4  

Введите искомый элемент:2
Индекс найденного элемента:9
Время выполения последовательного поиска вручную заполненного массива:8e-07
Т.к. бинарный поиск работает только в отсортированном массиве, то вот как теперь выглядит этот массив:
1  2  3  4  4  32  41  213  432  587  
Индекс найденного элемента:2
Время выполения бинарного поиска вручную заполненного массива:5.2e-06
Введите размер массива:2000
2  14  14  3  7  4  34  38  5  11  
11  11  8  81  1  3  9  8  12  
4  64  21  13  5  78  0  10  4  
7  56  25  16  4  12  47  4  2  
16  10  18  82  1  9  21  14  7  
2  35  4  24  8  9  31  81  0  
7  21  5  2  8  17  3  7  3  
12  8  5  20  7  12  11  17  14  
2  14  69  51  3  12  5  8  29  
0  13  41  16  29  93  20  6  78  
8  13  6  5  24  5  10  6  13  
6  4  13  3  4  7  66  48  2  
3  2  25  10  24  2  14  2  13  
11  0  5  3  15  4  4  18  0  
1  0  12  2  12  14  8  4  3  
18  32  11  5  5  9  6  9  0  
10  6  10  10  61  58  14  7  5  
24  7  31  2  0  13  6  7  9  
4  26  20  54  9  7  5  45  5  
7  22  6  9  16  6  2  20  17  
17  3  2  23  20  20  10  11  5  
13  5  3  5  3  12  24  8  23  
10  47  13  4  7  24  2  4  4  
3  11  31  49  14  24  24  1  16  
24  79  63  22  4  20  8  7  9  
41  4  1  96  10  0  8  7  14  
13  9  2  20  1  93  5  7  35  
2  0  4  14  15  88  24  9  11  
5  25  4  3  5  4  25  95  11  
18  24  15  9  14  7  8  25  13  
14  11  2  0  0  19  11  8  2  
24  27  4  5  5  4  25  9  2  
21  23  44  16  3  9  11  18  4  
10  24  6  20  7  18  24  1  8  
3  10  11  3  0  1  13  5  31  
21  2  13  79  4  19  58  10  21  
0  10  3  1  21  0  11  7  4  
10  10  9  19  5  3  41  11  4  
30  51  3  5  10  2  1  2  49  
18  1  11  24  3  8  38  4  24  
9  54  24  46  6  11  1  30  22  
3  0  35  3  6  36  11  11  12  
0  27  5  6  1  6  8  41  30  
4  5  1  28  12  10  5  11  10  
18  11  4  15  0  50  5  15  7  
10  8  76  13  6  6  3  9  2  
30  20  7  7  8  23  4  11  45  
5  4  26  2  1  10  18  4  35  
3  11  11  10  4  4  5  39  37  
30  6  2  6  4  7  28  44  46  
15  12  8  11  1  8  2  2  13  
7  9  43  9  0  16  24  12  8  
16  3  15  10  12  1  4  4  16  
98  48  3  22  24  33  0  6  12  
0  7  6  3  0  14  2  15  8  
2  3  14  40  10  8  3  1  40  
21  4  8  1  6  9  1  3  0  
1  24  10  9  21  1  5  6  8  
3  31  8  40  9  7  2  11  5  
4  69  8  4  11  4  4  2  39  
9  7  4  7  6  23  89  3  9  
3  5  6  21  23  4  21  6  9  
3  13  0  0  22  3  13  2  2  
7  0  13  15  0  8  6  2  22  
3  5  8  4  10  4  23  2  82  
4  25  4  8  13  3  6  68  39  
33  0  8  8  16  3  20  9  0  
9  2  1  46  16  0  11  8  8  
16  13  13  23  23  4  18  7  6  
7  1  10  13  27  17  11  81  8  
9  18  18  42  7  5  36  30  3  
1  2  22  12  5  14  8  7  9  
6  0  5  8  2  1  4  1  0  
7  3  16  2  4  49  24  6  2  
1  51  24  25  4  6  6  10  20  
6  1  60  3  7  10  3  0  5  
45  6  5  70  8  12  22  12  0  
42  8  1  6  8  2  0  4  16  
66  33  4  11  72  7  0  13  0  
12  16  6  0  11  70  19  15  66  
4  3  16  6  33  20  24  2  9  
18  16  4  13  14  10  44  5  8  
10  98  20  20  24  5  6  95  4  
11  4  6  7  3  10  13  25  8  
16  8  4  1  0  5  2  8  1  
5  0  12  1  11  15  6  4  21  
0  10  9  28  5  12  5  16  3  
1  0  6  5  2  8  6  13  11  
9  4  4  8  14  90  4  69  30  
7  6  10  6  2  8  6  0  14  
2  12  17  6  7  9  11  34  14  
8  6  16  10  11  24  13  63  10  
9  4  20  22  11  8  0  5  7  
7  6  13  9  0  5  3  0  1  
12  9  3  4  1  6  6  14  14  
11  8  16  33  5  4  31  4  1  
1  7  5  1  6  10  48  8  83  
4  13  1  13  12  5  2  1  7  
28  4  3  15  12  10  8  23  5  
7  7  1  6  4  8  8  11  1  
1  32  11  5  13  5  13  1  4  
21  9  18  19  14  2  82  1  17  
11  30  2  1  13  8  0  0  26  
1  3  21  5  3  9  2  11  5  
9  1  6  2  24  19  4  4  27  
19  3  25  3  60  5  6  6  5  
0  74  16  2  2  2  99  12  2  
37  5  3  9  20  12  18  80  9  
8  8  7  3  38  15  6  10  4  
7  10  7  8  12  10  31  7  41  
64  10  3  87  7  7  13  25  7  
8  11  6  20  4  15  7  88  13  
40  12  7  5  5  50  19  6  63  
0  10  9  22  18  32  1  6  9  
3  0  15  48  4  1  6  7  7  
10  25  11  16  7  8  2  5  15  
9  2  36  2  17  4  2  0  13  
87  34  1  3  2  70  5  6  97  
5  7  8  15  29  33  44  27  1  
9  5  15  6  9  5  9  29  11  
16  22  17  3  6  9  9  13  22  
4  3  7  13  20  20  18  11  5  
15  49  55  1  6  6  13  27  13  
11  4  14  2  19  30  37  7  1  
8  9  9  26  5  27  5  80  7  
7  8  14  27  5  8  20  6  11  
2  10  75  13  1  61  8  32  47  
8  9  18  55  11  15  1  10  6  
8  4  0  9  13  15  49  1  3  
10  12  38  1  11  1  12  2  87  
1  8  8  42  4  15  38  8  0  
64  23  7  5  46  6  21  11  9  
3  19  1  11  0  12  22  15  54  
18  37  8  0  15  8  9  7  10  
4  75  39  24  3  12  0  3  0  
41  13  3  3  96  45  6  10  11  
0  0  7  3  10  1  2  10  6  
2  10  4  7  2  9  10  5  1  
8  2  10  88  3  13  15  13  10  
10  5  15  14  28  20  24  59  8  
12  18  5  3  73  6  2  6  17  
9  8  0  24  11  1  13  6  13  
10  43  1  32  19  5  10  14  4  
14  88  2  10  5  5  17  16  10  
11  15  13  6  2  15  18  14  7  
4  8  3  0  3  11  2  9  5  
13  5  49  15  13  7  22  4  8  
21  8  16  58  3  1  5  4  24  
10  2  5  51  12  53  11  7  0  
8  10  14  3  12  14  31  14  12  
9  2  19  14  61  24  3  10  7  
14  5  20  5  7  1  14  10  15  
15  31  16  9  46  6  7  13  0  
12  16  1  4  14  10  6  2  2  
19  25  30  16  4  14  2  9  4  
4  16  1  12  3  6  6  6  7  
0  6  3  30  0  18  63  2  10  
62  19  49  17  10  19  2  11  4  
4  1  2  2  3  9  10  16  12  
3  8  25  5  2  10  20  11  16  
15  11  8  12  3  0  9  3  48  
3  0  2  13  3  15  6  11  1  
9  2  0  9  22  7  3  1  10  
23  31  82  4  11  7  2  20  5  
5  18  28  3  3  35  1  6  0  
89  72  3  17  27  7  17  41  9  
89  23  14  43  2  28  9  4  5  
0  35  4  10  4  12  6  71  1  
21  9  9  9  19  12  9  79  6  
3  7  10  14  5  6  40  9  0  
8  31  5  6  5  15  8  30  7  
3  1  7  24  0  94  22  11  8  
5  7  8  11  0  9  3  11  8  
4  4  4  13  13  12  3  1  1  
8  0  2  5  0  6  3  99  6  
16  6  7  13  23  12  9  19  8  
3  0  5  11  17  7  13  87  6  
11  11  92  0  2  8  2  4  12  
9  8  13  35  5  4  49  5  9  
6  3  11  17  9  10  8  5  5  
5  3  9  10  8  1  9  94  4  
6  6  49  46  32  1  5  0  14  
12  11  4  19  1  4  16  7  3  
3  12  2  61  4  11  5  8  15  
5  9  1  8  19  17  64  7  7  
2  3  7  1  11  13  4  1  15  
12  1  33  4  8  8  22  55  21  
0  1  42  8  9  3  17  21  0  
8  11  4  45  21  7  16  7  23  
6  5  6  10  7  2  24  5  1  
20  4  6  1  1  3  8  33  8  
6  8  2  12  4  29  38  1  1  
75  76  13  0  4  0  95  4  19  
1  13  13  22  5  0  3  43  4  
2  15  7  52  1  17  12  0  0  
6  9  2  18  5  17  4  30  78  
9  8  6  15  12  0  9  1  3  
0  7  2  1  85  56  13  5  0  
4  2  20  12  7  17  5  2  3  
14  1  9  4  2  25  19  4  0  
8  1  11  9  4  70  48  20  2  
5  3  9  4  22  17  2  5  96  
15  18  19  8  2  5  2  6  6  
10  17  11  47  8  12  18  49  9  
5  52  61  24  2  16  0  27  13  
22  3  3  1  10  1  1  13  0  
6  0  9  1  4  6  8  4  12  
7  10  3  11  18  1  1  14  3  
0  5  6  6  12  19  13  2  5  
13  11  35  14  11  1  1  5  11  
3  31  8  10  55  4  9  17  19  
5  12  6  1  4  1  4  17  7  
10  2  22  3  18  4  7  44  62  
49  1  5  43  15  1  1  0  13  
11  33  7  5  14  10  4  10  44  
0  2  4  12  3  10  14  0  4  
2  1  8  18  16  18  11  20  17  
6  4  13  9  14  0  4  14  40  
11  9  2  11  3  30  20  22  5  
15  4  9  44  12  45  7  8  40  
34  18  11  32  8  7  24  16  7  
8  7  86  21  25  10  8  9  0  
8  Введите искомый элемент:12
Индекс найденного элемента:19
Время выполения последовательного поиска радномно заполненного массива:7e-07
Т.к. бинарный поиск работает только в отсортированном массиве, то вот как теперь выглядит этот массив:
0  0  0  0  0  0  0  0  0  0  
0  0  0  0  0  0  0  0  0  
0  0  0  0  0  0  0  0  0  
0  0  0  0  0  0  0  0  0  
0  0  0  0  0  0  0  0  0  
0  0  0  0  0  0  0  0  0  
0  0  0  0  0  0  0  0  0  
0  0  0  0  0  0  0  0  0  
0  0  0  0  0  0  0  0  0  
0  0  0  0  0  0  0  0  0  
0  0  0  0  0  0  0  0  1  
1  1  1  1  1  1  1  1  1  
1  1  1  1  1  1  1  1  1  
1  1  1  1  1  1  1  1  1  
1  1  1  1  1  1  1  1  1  
1  1  1  1  1  1  1  1  1  
1  1  1  1  1  1  1  1  1  
1  1  1  1  1  1  1  1  1  
1  1  1  1  1  1  1  1  1  
1  1  1  1  1  1  1  1  1  
1  1  1  1  1  1  1  1  1  
1  1  1  1  1  1  1  1  1  
1  1  1  1  1  1  1  1  1  
1  1  2  2  2  2  2  2  2  
2  2  2  2  2  2  2  2  2  
2  2  2  2  2  2  2  2  2  
2  2  2  2  2  2  2  2  2  
2  2  2  2  2  2  2  2  2  
2  2  2  2  2  2  2  2  2  
2  2  2  2  2  2  2  2  2  
2  2  2  2  2  2  2  2  2  
2  2  2  2  2  2  2  2  2  
2  2  2  2  2  2  2  2  2  
2  2  2  2  2  2  2  2  2  
2  2  2  2  2  2  2  2  2  
2  2  3  3  3  3  3  3  3  
3  3  3  3  3  3  3  3  3  
3  3  3  3  3  3  3  3  3  
3  3  3  3  3  3  3  3  3  
3  3  3  3  3  3  3  3  3  
3  3  3  3  3  3  3  3  3  
3  3  3  3  3  3  3  3  3  
3  3  3  3  3  3  3  3  3  
3  3  3  3  3  3  3  3  3  
3  3  3  3  3  3  3  3  3  
3  3  3  3  3  3  3  3  3  
3  3  3  3  3  3  3  3  3  
3  3  3  3  3  4  4  4  4  
4  4  4  4  4  4  4  4  4  
4  4  4  4  4  4  4  4  4  
4  4  4  4  4  4  4  4  4  
4  4  4  4  4  4  4  4  4  
4  4  4  4  4  4  4  4  4  
4  4  4  4  4  4  4  4  4  
4  4  4  4  4  4  4  4  4  
4  4  4  4  4  4  4  4  4  
4  4  4  4  4  4  4  4  4  
4  4  4  4  4  4  4  4  4  
4  4  4  4  4  4  4  4  4  
4  4  4  4  4  4  4  4  4  
4  4  4  4  4  4  4  4  4  
4  4  4  4  4  4  4  4  4  
4  4  5  5  5  5  5  5  5  
5  5  5  5  5  5  5  5  5  
5  5  5  5  5  5  5  5  5  
5  5  5  5  5  5  5  5  5  
5  5  5  5  5  5  5  5  5  
5  5  5  5  5  5  5  5  5  
5  5  5  5  5  5  5  5  5  
5  5  5  5  5  5  5  5  5  
5  5  5  5  5  5  5  5  5  
5  5  5  5  5  5  5  5  5  
5  5  5  5  5  5  5  5  5  
5  5  5  5  5  5  5  5  5  
5  5  5  5  5  5  5  5  5  
5  5  5  6  6  6  6  6  6  
6  6  6  6  6  6  6  6  6  
6  6  6  6  6  6  6  6  6  
6  6  6  6  6  6  6  6  6  
6  6  6  6  6  6  6  6  6  
6  6  6  6  6  6  6  6  6  
6  6  6  6  6  6  6  6  6  
6  6  6  6  6  6  6  6  6  
6  6  6  6  6  6  6  6  6  
6  6  6  6  6  6  6  6  6  
6  6  6  6  6  6  6  6  6  
6  6  6  6  6  6  6  6  6  
6  6  7  7  7  7  7  7  7  
7  7  7  7  7  7  7  7  7  
7  7  7  7  7  7  7  7  7  
7  7  7  7  7  7  7  7  7  
7  7  7  7  7  7  7  7  7  
7  7  7  7  7  7  7  7  7  
7  7  7  7  7  7  7  7  7  
7  7  7  7  7  7  7  7  7  
7  7  7  7  7  7  7  7  7  
7  7  7  7  7  7  7  7  7  
7  7  7  7  7  7  7  7  7  
7  7  7  8  8  8  8  8  8  
8  8  8  8  8  8  8  8  8  
8  8  8  8  8  8  8  8  8  
8  8  8  8  8  8  8  8  8  
8  8  8  8  8  8  8  8  8  
8  8  8  8  8  8  8  8  8  
8  8  8  8  8  8  8  8  8  
8  8  8  8  8  8  8  8  8  
8  8  8  8  8  8  8  8  8  
8  8  8  8  8  8  8  8  8  
8  8  8  8  8  8  8  8  8  
8  8  8  8  8  8  8  8  8  
8  8  8  8  8  8  8  8  9  
9  9  9  9  9  9  9  9  9  
9  9  9  9  9  9  9  9  9  
9  9  9  9  9  9  9  9  9  
9  9  9  9  9  9  9  9  9  
9  9  9  9  9  9  9  9  9  
9  9  9  9  9  9  9  9  9  
9  9  9  9  9  9  9  9  9  
9  9  9  9  9  9  9  9  9  
9  9  9  9  9  9  9  9  9  
9  9  9  9  9  9  9  9  9  
9  9  9  10  10  10  10  10  10  
10  10  10  10  10  10  10  10  10  
10  10  10  10  10  10  10  10  10  
10  10  10  10  10  10  10  10  10  
10  10  10  10  10  10  10  10  10  
10  10  10  10  10  10  10  10  10  
10  10  10  10  10  10  10  10  10  
10  10  10  10  10  10  10  10  10  
10  10  10  10  10  10  10  10  10  
10  10  10  10  10  10  11  11  11  
11  11  11  11  11  11  11  11  11  
11  11  11  11  11  11  11  11  11  
11  11  11  11  11  11  11  11  11  
11  11  11  11  11  11  11  11  11  
11  11  11  11  11  11  11  11  11  
11  11  11  11  11  11  11  11  11  
11  11  11  11  11  11  11  11  11  
11  11  11  11  11  11  11  11  11  
11  11  11  11  11  11  11  11  11  
11  12  12  12  12  12  12  12  12  
12  12  12  12  12  12  12  12  12  
12  12  12  12  12  12  12  12  12  
12  12  12  12  12  12  12  12  12  
12  12  12  12  12  12  12  12  12  
12  12  12  12  12  12  12  12  12  
12  12  12  12  12  13  13  13  13  
13  13  13  13  13  13  13  13  13  
13  13  13  13  13  13  13  13  13  
13  13  13  13  13  13  13  13  13  
13  13  13  13  13  13  13  13  13  
13  13  13  13  13  13  13  13  13  
13  13  13  13  13  13  13  13  13  
13  13  13  13  13  13  13  13  13  
13  14  14  14  14  14  14  14  14  
14  14  14  14  14  14  14  14  14  
14  14  14  14  14  14  14  14  14  
14  14  14  14  14  14  14  14  14  
14  14  14  14  14  14  14  14  14  
14  14  14  15  15  15  15  15  15  
15  15  15  15  15  15  15  15  15  
15  15  15  15  15  15  15  15  15  
15  15  15  15  15  15  15  15  15  
15  15  15  15  15  15  15  15  16  
16  16  16  16  16  16  16  16  16  
16  16  16  16  16  16  16  16  16  
16  16  16  16  16  16  16  16  16  
16  16  16  16  16  16  16  16  16  
16  17  17  17  17  17  17  17  17  
17  17  17  17  17  17  17  17  17  
17  17  17  17  17  17  17  17  17  
18  18  18  18  18  18  18  18  18  
18  18  18  18  18  18  18  18  18  
18  18  18  18  18  18  18  18  18  
18  18  18  18  19  19  19  19  19  
19  19  19  19  19  19  19  19  19  
19  19  19  19  19  19  19  19  19  
19  20  20  20  20  20  20  20  20  
20  20  20  20  20  20  20  20  20  
20  20  20  20  20  20  20  20  20  
20  20  20  20  21  21  21  21  21  
21  21  21  21  21  21  21  21  21  
21  21  21  21  21  21  21  22  22  
22  22  22  22  22  22  22  22  22  
22  22  22  22  22  22  22  22  22  
22  22  23  23  23  23  23  23  23  
23  23  23  23  23  23  23  23  24  
24  24  24  24  24  24  24  24  24  
24  24  24  24  24  24  24  24  24  
24  24  24  24  24  24  24  24  24  
24  24  24  24  24  24  24  25  25  
25  25  25  25  25  25  25  25  25  
25  25  25  25  25  26  26  26  26  
27  27  27  27  27  27  27  27  27  
27  28  28  28  28  28  28  28  29  
29  29  29  29  30  30  30  30  30  
30  30  30  30  30  30  30  30  30  
31  31  31  31  31  31  31  31  31  
31  31  31  32  32  32  32  32  32  
32  33  33  33  33  33  33  33  33  
33  34  34  34  34  35  35  35  35  
35  35  35  35  36  36  36  37  37  
37  37  38  38  38  38  38  38  39  
39  39  39  40  40  40  40  40  40  
40  41  41  41  41  41  41  41  42  
42  42  42  43  43  43  43  43  44  
44  44  44  44  44  44  45  45  45  
45  45  45  46  46  46  46  46  46  
47  47  47  47  48  48  48  48  48  
48  49  49  49  49  49  49  49  49  
49  49  49  50  50  51  51  51  51  
52  52  53  54  54  54  55  55  55  
55  56  56  58  58  58  59  60  60  
61  61  61  61  61  62  62  63  63  
63  63  64  64  64  64  66  66  66  
68  69  69  69  70  70  70  70  71  
72  72  73  74  75  75  75  76  76  
78  78  78  79  79  79  80  80  81  
81  81  82  82  82  82  83  85  86  
87  87  87  87  88  88  88  88  89  
89  89  90  92  93  93  94  94  95  
95  95  96  96  96  97  98  98  99  
99  Индекс найденного элемента:1263
Время выполения бинарного поиска радномно заполненного массива:0.0003252
