Лаб. работа № 9. Очереди.  
    2. Реализовать программу №5.5 поразрядной сортировки массива двузначных чисел. Для продвинутых – массив трёхзначных чисел.

Введите кол-во разрядов:6
123924  119014  119537  101756  101700  125799  111998  127719  117776  106263  
103023  105298  106328  106728  128573  106338  115447  125915  107573  120896  
131653  121204  105759  121768  103392  106092  129310  130621  123565  130981  
104663  118816  124953  119651  127445  116672  129957  107192  129580  102132  
113569  130880  128861  108103  127799  123151  111738  119442  106924  106728  

После сортировки:
101700  101756  102132  103023  103392  104663  105298  105759  106092  106263  
106328  106338  106728  106728  106924  107192  107573  108103  111738  111998  
113569  115447  116672  117776  118816  119014  119442  119537  119651  120896  
121204  121768  123151  123565  123924  124953  125799  125915  127445  127719  
127799  128573  128861  129310  129580  129957  130621  130880  130981  131653  
